1 => 1
2 => 1
3 3 => 2
4 => 1
5 5 => 2
6 6 => 2
7 3 7 => 3
8 => 1
9 9 => 2
10 10 => 2
11 3 11 => 3
12 12 => 2
13 3 13 => 3
14 3 14 => 3
15 15 => 2
16 => 1
17 17 => 2
18 18 => 2
19 3 19 => 3
20 20 => 2
21 3 21 => 3
22 3 22 => 3
23 23 => 2
24 24 => 2
25 3 25 => 3
26 3 26 => 3
27 27 => 2
28 3 28 => 3
29 29 => 2
30 30 => 2
31 5 31 => 3
32 => 1
33 33 => 2
34 34 => 2
35 3 35 => 3
36 36 => 2
37 3 37 => 3
38 3 38 => 3
39 39 => 2
40 40 => 2
41 3 41 => 3
42 3 42 => 3
43 43 => 2
44 3 44 => 3
45 45 => 2
46 46 => 2
47 5 47 => 3
48 48 => 2
49 3 49 => 3
50 3 50 => 3
51 51 => 2
52 3 52 => 3
53 53 => 2
54 54 => 2
55 5 55 => 3
56 3 56 => 3
57 57 => 2
58 58 => 2
59 5 59 => 3
60 60 => 2
61 5 61 => 3
62 5 62 => 3
63 6 63 => 3
64 => 1
0 0
1 7
2 30
3 27
4 0
