11      11
203     203
168     168
184     184
7       7
99      99
199     199
26      26
27      27
90      90
1194        1194
1743        1743
28      28
95      95
67      67
25      25
27      27
26      26
149     149
300     300
9       9
597     597
269     269
149     149
123     123
272     272
329     329
130     130
133     133
558     558
26      26
21      21
51      51
350     350
286     286
959     959
26      26
109     109
19      19
33      33
59      59
21      21
108     108
96      96
37      37
2792        2792
35      35
10      10
98      98
341     341
39      39
49      49
41      41
95      95
77      77
88      88
446     446
89      89
543     543
77      77
1136        1136
159     159
6       6
27      27
38      38
151     151
175     175
172     172
33      33
83      83
71      71
49      49
15      15
1640        1640
20      20
163     163
385     385
963     963
368     368
72      72
36      36
418     418
255     255
323     323
41      41
24      24
28      28
793     793
72      72
413     413
141     141
164     164
72      72
378     378
98      98
244     244
42      42
300     300
2750        2750
7       7
499     499
139     139
40      40
97      97
36      36
386     386
54      54
740     740
14      14
38      38
262     262
608     608
146     146
402...      402...