0 1 2 3 4 5 6 7 8 9 10 11 12 13 14 
1 1 2 3 4 5 6 6 7 8 9 10 11 12 13 
2 2 2 3 4 5 6 7 7 8 9 10 11 12 13 
3 3 3 3 4 5 6 7 8 8 9 10 11 12 13 
4 4 4 4 4 5 6 7 8 9 9 10 11 12 13 
5 5 5 5 5 5 6 7 8 9 10 10 11 12 13 
6 6 5 6 6 6 6 7 8 9 10 11 11 12 13 
7 7 6 6 7 7 7 7 8 9 10 11 12 12 13 
8 8 7 7 7 8 8 8 8 9 10 11 12 13 13 
9 9 8 8 8 8 9 9 9 9 10 11 12 12 13 
10 10 9 9 9 9 9 10 10 10 9 10 11 12 13 
11 11 10 10 10 10 10 10 11 11 10 10 11 12 13 
12 12 11 11 11 11 11 11 11 12 11 11 11 12 13 
13 12 12 12 12 12 12 12 12 12 12 12 11 12 13 
14 13 12 13 13 13 13 13 13 13 13 13 12 12 13 
15 14 13 13 13 14 14 14 14 14 14 14 13 13 13 
16 15 14 14 14 14 15 15 15 15 15 15 14 14 14 
17 16 15 15 15 15 15 16 16 16 16 16 15 15 15 
18 17 16 16 16 16 16 16 17 17 16 17 16 16 16 
19 18 17 17 17 17 17 17 17 18 17 17 17 17 17 
20 19 18 18 18 18 17 18 18 18 18 18 18 18 18 
21 20 19 19 19 19 18 18 19 19 19 19 19 19 19 
22 21 20 20 20 20 19 19 19 20 20 20 20 20 20 
23 22 21 21 21 21 20 20 20 20 21 21 21 21 21 
24 23 22 22 22 22 21 21 21 21 21 22 22 22 22 
25 24 23 23 22 23 22 22 22 22 22 22 23 23 23 
23
1 Delete 1
2 Delete 2
3 Delete 3
4 Delete 14
5 Delete 17
6 Delete 18
7 Delete 19
8 Delete 20
9 Delete 21
