 i 1
0 1 2 3
1 1 3 4
2 1 4 5
3 1 5 6
4 1 6 7
5 1 7 8
6 1 8 9
7 1 9 10
8 1 10 11
9 1 10 11
 i 2
0 2 14 13
1 2 16 14
2 2 18 15
3 2 20 16
4 2 22 17
5 2 24 18
6 2 26 19
7 2 28 20
8 2 28 20
 i 3
0 3 34 22
1 3 37 23
2 3 40 24
3 3 43 25
4 3 46 26
5 3 49 27
6 3 52 28
7 3 52 28
 i 4
0 4 60 30
1 4 64 31
2 4 68 32
3 4 72 33
4 4 76 34
5 4 80 35
6 4 80 35
 i 5
0 5 90 37
1 5 95 38
2 5 100 39
3 5 105 40
4 5 110 41
5 5 110 41
 i 6
0 6 122 43
1 6 128 44
2 6 134 45
3 6 140 46
4 6 140 46
 i 7
0 7 154 48
1 7 161 49
2 7 168 50
3 7 168 50
 i 8
0 8 184 52
1 8 192 53
2 8 192 53
 i 9
0 9 210 55
1 9 210 55
 i 10
0 10 220 56
-1
